6
spot=glass
101
431647237
414120976
135816216
452682268
129558556
311624224
299597866
297370155
452682286
560975919
114310709
311624249
135816250
129674304
128580163
1234709067
479435852
1296455244
114320463
495570512
343634515
428214887
495570540
417060473
128668283
429544581
455341192
497870987
111464591
343634576
1105954967
133267110
112617129
26016428
128594107
26016444
112617149
474544834
128591046
479522502
430267081
792070351
112613584
497317086
1165604067
112652006
497181929
126539506
314048763
25507582
444030217
128655625
111467277
415406351
1072187153
96499475
506111767
25504027
414952221
25449250
444030252
280199468
478863664
479309617
481401139
135887163
114315584
474549077
1207543127
138209120
428215651
111446371
314075495
500009833
112618350
1291504499
1207543170
410560904
497871248
1293997462
414249879
1264279459
1224758699
493669294
475708335
111428018
415398838
1216466360
411066296
1264279487
474541506
1108123590
312403912
1107381193
126552525
495570382
1107381207
276935650
428215793
1103952885
452682234
spot=paper
101
135824905
422547980
422547985
493669400
299611684
112597541
497922601
475082794
474802735
343646768
114310713
479416380
428215361
343646787
1243857995
497171020
495570509
299610700
495570511
343646802
1234709076
122528341
129665111
1185192026
429378657
495570530
478566499
410370668
428214894
560401009
312403572
503018114
428214914
493769350
503018120
1143318166
495503510
506097305
114309785
1291503777
26015911
504782514
404754613
404746426
285944515
111479496
114313418
430267083
503018198
473874153
335740659
299610871
789711097
411014906
479297789
137817855
1223806724
848507146
414956298
444004626
111450389
773982491
1110698268
1309181740
428217655
286968134
135825223
135825232
480323939
312403811
445439334
1236467580
478115206
474385800
335739273
1278184350
135886756
111447975
280200621
26122670
492269489
335560628
411066294
415754681
424016828
474541500
415754684
1043000770
497301957
1243857867
343646669
126552528
126552534
478903767
1097394647
497922523
497690588
297880027
410769899
475556854
495570424
spot=plastic
101
493669379
435240968
480348685
497870351
416716821
409546280
1223751721
1110673449
343646763
1243857964
848504878
135816242
111508026
297880635
111463995
311624253
848514117
495503871
111464012
560975956
276932693
138252374
299614301
495570527
1329505384
408438890
335691888
479435895
428210300
560401025
128587408
495504020
126580884
26015892
133267095
26015901
311887521
560976037
25632428
497317043
25632440
474552505
114311354
128657096
1097379530
129953504
503018219
285948656
25507573
411014904
1103500536
1252543228
1165604095
112613636
493669127
129545994
335560973
432578831
299612947
111467284
1249809182
285951778
1236467508
128672573
128623933
1108285760
479412037
314553166
135825231
414134101
560978263
130075493
312403817
112618348
299612552
475341706
114328974
430006685
1333616032
135826849
111428006
497159080
26122665
25504174
1243857849
560409018
474541501
343646655
432597953
497991108
285910982
1097394636
560409052
314074590
311889376
414953441
497690597
1270263273
1097394673
128669177
495570431
spot=organic
101
479226894
738940435
111631898
26122786
495570473
135816241
335739953
433471538
311624244
135816253
314044478
560975935
560975934
343646786
111464003
497171018
1185192013
788826702
128571477
129789016
343634520
479198298
90379359
480328299
495503981
1296455280
311888508
501173395
26015892
128668312
138218140
26015902
130212519
560409257
111830195
25632440
1188176569
26015929
26016442
126646458
128594110
114312388
114313413
114310860
112613581
299614420
416390870
343634649
445041881
25503962
497181917
473877734
492777193
335740657
501225720
480476925
1291504385
128655622
404300045
111467277
497871642
481401116
412508448
1110673697
299614513
444004661
478903615
114310466
314553162
137982795
560978263
128677722
479412063
111503715
445439344
112618356
314040692
418015100
417061255
311887241
480346512
444023185
476019091
1329505178
25504173
1103952816
435759029
311887300
124388812
135824335
111443919
125375446
126625245
25632225
474694632
1103952874
26016751
497176052
411835382
478863352
474694139
building=house
101
122434048
422547985
475339286
497871391
135816223
343646761
1108247085
430284846
1243809335
311624252
111452220
479435842
314074695
418094153
788826699
497690702
257736783
792643152
1198805073
297880574
1294003286
479198312
122411124
1329449087
26015872
495503487
299575942
455341192
287458442
138208401
430012049
26015891
112617115
1296455327
1110673568
133267107
112617134
513921201
501142193
1185192124
111479493
1103500494
987218126
1097379534
114322158
497317107
1097379584
506111748
1252543237
444030220
493669135
299585300
506111767
414952219
128560415
257736480
429381409
1110698273
479412004
475080487
480476982
420446031
1097394517
1264279383
90379613
475550565
428215653
314047848
96497005
480323957
417061241
114328954
479412095
25504147
414249881
497185179
1218948006
415754664
111447978
1097394609
96500149
429380534
958305719
1043000760
1264279480
1143318458
276932539
1103952827
96500161
1223751620
497991625
90378707
479184346
497690595
497690598
452682225
501252596
353290229
297369597
481392126
479225855
building=central
4
479183873
420776961
480348682
285910556